0      108
1      190
2      353
3      272
4       15
5      554
6      515
7      624
8      412
9      576
10     727
11      95
12     729
13      28
14     840
15     359
16     682
17     867
18     839
19     512
20     273
21      80
22     523
23     765
24     626
25      44
26     240
27     260
28     605
29     813
      ... 
861    283
862    797
863    718
864    285
865    122
866    230
867    696
868    890
869    407
870     59
871     79
872    139
873    836
874      4
875    571
876    311
877    657
878    451
879    668
880    739
881    510
882    193
883     61
884    793
885    684
886    548
887    303
888    413
889     81
890    220
Name: Name, dtype: int64
0      1
1      0
2      0
3      0
4      1
5      1
6      1
7      1
8      0
9      0
10     0
11     0
12     1
13     1
14     0
15     0
16     1
17     1
18     0
19     0
20     1
21     1
22     0
23     1
24     0
25     0
26     1
27     1
28     0
29     1
      ..
861    1
862    0
863    0
864    1
865    0
866    0
867    1
868    1
869    1
870    1
871    0
872    1
873    1
874    0
875    0
876    1
877    1
878    1
879    0
880    0
881    1
882    0
883    1
884    1
885    0
886    1
887    0
888    0
889    1
890    1
Name: Sex, dtype: int64
0      523
1      596
2      669
3       49
4      472
5      275
6       85
7      395
8      344
9      132
10     616
11      38
12     535
13     333
14     413
15     153
16     480
17     151
18     301
19     184
20     139
21     152
22     278
23      42
24     395
25     329
26     179
27      95
28     283
29     362
      ... 
861    221
862     88
863    568
864    120
865    126
866    632
867    590
868    309
869    344
870    387
871     54
872    502
873    303
874    575
875    195
876    504
877    358
878    363
879     59
880    115
881    394
882    508
883    565
884    650
885    480
886    101
887     14
888    675
889      8
890    466
Name: Ticket, dtype: int64
0        0
1       82
2        0
3       56
4        0
5        0
6      130
7        0
8        0
9        0
10     146
11      50
12       0
13       0
14       0
15       0
16       0
17       0
18       0
19       0
20       0
21     112
22       0
23      14
24       0
25       0
26       0
27      64
28       0
29       0
      ... 
861      0
862     95
863      0
864      0
865      0
866      0
867      7
868      0
869      0
870      0
871    103
872     35
873      0
874      0
875      0
876      0
877      0
878      0
879     71
880      0
881      0
882      0
883      0
884      0
885      0
886      0
887     31
888      0
889     61
890      0
Name: Cabin, dtype: int64
0      3
1      1
2      3
3      3
4      3
5      2
6      3
7      3
8      3
9      1
10     3
11     3
12     3
13     3
14     3
15     3
16     2
17     3
18     3
19     1
20     3
21     3
22     2
23     3
24     3
25     3
26     1
27     3
28     2
29     3
      ..
861    3
862    3
863    3
864    3
865    3
866    1
867    3
868    3
869    3
870    3
871    3
872    3
873    3
874    1
875    1
876    3
877    3
878    3
879    1
880    3
881    3
882    3
883    3
884    3
885    2
886    3
887    3
888    3
889    1
890    2
Name: Embarked, dtype: int64
  (0, 1725)	1.0
  (0, 1574)	1.0
  (0, 1416)	1.0
  (0, 892)	1.0
  (0, 108)	1.0
  (1, 1723)	1.0
  (1, 1656)	1.0
  (1, 1489)	1.0
  (1, 891)	1.0
  (1, 190)	1.0
  (2, 1725)	1.0
  (2, 1574)	1.0
  (2, 1562)	1.0
  (2, 891)	1.0
  (2, 353)	1.0
  (3, 1725)	1.0
  (3, 1630)	1.0
  (3, 942)	1.0
  (3, 891)	1.0
  (3, 272)	1.0
  (4, 1725)	1.0
  (4, 1574)	1.0
  (4, 1365)	1.0
  (4, 892)	1.0
  (4, 15)	1.0
  :	:
  (886, 1725)	1.0
  (886, 1574)	1.0
  (886, 994)	1.0
  (886, 892)	1.0
  (886, 548)	1.0
  (887, 1725)	1.0
  (887, 1605)	1.0
  (887, 907)	1.0
  (887, 891)	1.0
  (887, 303)	1.0
  (888, 1725)	1.0
  (888, 1574)	1.0
  (888, 1568)	1.0
  (888, 891)	1.0
  (888, 413)	1.0
  (889, 1723)	1.0
  (889, 1635)	1.0
  (889, 901)	1.0
  (889, 892)	1.0
  (889, 81)	1.0
  (890, 1724)	1.0
  (890, 1574)	1.0
  (890, 1359)	1.0
  (890, 892)	1.0
  (890, 220)	1.0
